7 3
4 3 12
6 3 6
3 0 29
4 3 2
1 0 14
3 0 3
2 4 8
3 6 48
0 1 30
1 5 42
4 6 50
0 3 22
1 2 31
3 6 12
2 0 29
2 0 13
2 3 36

7 5
5 3 3
1 3 31
1 0 7
3 2 27
2 4 49
0 1 47
4 0 50
6 2 35

5 4
2 4 44
3 4 16
2 1 42
1 0 20
3 0 36
1 4 24
1 0 27

5 2
0 3 49
4 3 16
4 0 6
0 2 2
1 3 44

8 4
7 2 4
7 1 11
0 7 19
5 4 44
5 7 12
1 4 29
6 7 14
1 2 47
0 4 28
7 0 5
6 4 42
2 1 35
1 2 49
0 5 20
3 4 36
1 3 47
3 4 8
5 2 17
3 6 8
6 3 39

9 2
8 3 12
2 6 24
3 4 28
4 2 1
8 0 24
2 8 14
3 4 50
7 3 16
5 1 36
4 2 35
8 3 16
0 8 28

9 1
3 6 3
1 6 38
6 8 32
7 8 17
8 6 50
5 4 39
6 5 37
7 5 25
3 7 37

3 1
0 1 47
0 1 22
1 2 17

5 4
0 4 8
3 0 41
4 3 20
4 2 1
3 4 47
3 4 37
0 3 31
0 1 24
4 2 28

3 2
2 0 29
2 0 27
1 2 44

5 2
4 0 42
2 1 25
2 3 44
0 2 6
4 0 19
0 3 6
2 3 43
2 0 10
4 1 41

4 2
0 2 40
0 1 14
1 0 28
2 0 42
2 3 46

3 3
1 2 43
1 0 9

3 1
0 2 40
1 0 21

8 5
6 4 16
7 6 14
1 6 13
4 3 34
3 6 6
1 6 6
7 6 26
5 2 18
2 3 24
6 1 7
4 1 35
6 4 46
4 2 44
0 6 41
7 5 24
1 0 5

3 2
1 2 18
2 0 33
0 2 33

3 2
0 1 27
0 1 5

10 2
5 7 22
3 6 23
3 9 19
2 1 9
2 4 39
4 0 22
0 1 24
8 2 48
4 5 15
7 4 6
6 1 19
9 4 50
4 2 36
8 1 5
9 2 22
2 0 33
9 8 31
2 4 6
0 3 37

6 2
5 2 38
3 4 26
3 5 23
2 5 50
0 4 46
5 4 11
0 2 13
4 5 10
5 4 48
5 4 12
4 0 37

7 5
3 5 13
0 1 39
5 0 2
3 4 25
5 2 44
0 1 29
5 6 43
2 0 23
4 2 17
2 3 8
0 1 44
2 0 45
2 6 8
1 6 42

2 1
0 1 12

8 5
1 6 10
3 6 39
2 3 28
5 6 18
2 7 43
5 3 37
0 6 39
2 6 37
2 7 1
7 6 9

3 1
0 1 13
2 1 1
0 2 16

5 1
0 2 26
0 2 45
4 3 30
3 0 25
3 0 50
4 2 25
1 4 5
4 0 5
1 0 5

3 1
2 1 8
1 2 10
2 1 49

7 2
1 3 34
5 6 17
4 6 1
4 2 19
2 5 22
3 0 43
1 0 4
1 4 26
2 3 24
3 5 11
6 5 1
6 3 16
6 5 10
4 5 29
4 0 2
5 6 24
2 6 6
5 4 39
3 4 11
1 6 43

3 2
2 0 32
1 2 45

4 3
1 2 38
1 0 45
0 2 44
1 3 6
0 2 11

9 5
8 4 15
4 1 21
7 5 33
4 3 30
5 4 14
6 8 22
0 1 15
3 2 13
4 8 41
6 4 12
1 4 4
5 1 4
2 7 42
6 3 46
8 4 22
4 0 2
8 1 23
8 7 30
5 6 42

10 1
2 4 24
7 9 49
0 7 10
2 1 6
2 3 25
4 9 22
3 8 4
8 5 31
3 2 37
9 2 11
8 0 22
3 1 28
5 2 39
5 4 9
5 7 35
1 5 26
7 8 17
9 5 14
1 3 19

3 1
2 1 1
0 2 4

9 3
6 8 8
5 7 35
0 2 49
2 5 42
7 6 30
3 0 35
3 5 15
0 6 7
6 4 5
8 5 4
7 3 16
8 3 16
2 3 7
5 6 48
1 7 12

2 1
0 1 26

8 5
7 4 30
5 7 47
7 0 46
5 7 28
1 2 35
1 4 32
7 4 38
0 3 32
5 2 17
7 6 3
3 0 31
2 5 39
0 7 24

6 4
0 5 48
0 1 7
2 5 34
5 1 11
0 3 32
0 2 12
1 2 4
2 4 47

8 3
3 6 29
0 2 23
1 6 33
4 5 15
1 2 17
4 1 8
0 2 19
2 3 45
6 7 32
5 4 34
3 7 23
4 1 7
2 5 39
2 4 25
0 7 17
3 5 13
5 4 24
5 3 22
1 7 20
7 5 15

10 3
3 1 20
2 4 15
8 2 50
4 5 23
6 7 21
1 3 30
4 5 10
9 5 31
5 9 19
4 3 26
1 9 12
9 6 15
5 8 20
2 5 3

2 1
1 0 15

5 1
3 1 49
0 2 9
2 3 1
1 2 24
3 1 50
2 1 27
2 3 45

6 4
4 1 8
2 3 28
2 5 43
2 4 30
0 4 45
0 3 3
0 2 22
5 2 8
3 0 21
4 0 5

4 3
1 2 31
0 2 4
0 1 18

5 5
1 4 4
4 2 5
2 4 24
1 3 20
2 1 22
3 4 37
0 3 6
1 4 15
0 3 5
1 4 11

3 3
1 0 6
1 2 21
1 0 23

2 1
0 1 24

10 2
1 9 49
1 6 29
5 2 8
7 1 16
6 3 34
6 1 46
7 8 3
0 3 18
6 2 13

5 4
1 3 50
2 3 6
1 2 35
4 1 46
3 0 9
3 2 5
2 0 36
2 0 42
2 1 30
4 0 50

3 3
2 1 41
2 1 47

9 3
4 7 11
0 2 49
4 1 8
3 8 42
8 5 30
5 8 27
8 2 32
5 7 36
2 7 33
0 4 2
2 5 48
1 8 9
8 5 6

2 1
0 1 20

6 4
1 4 13
0 3 20
0 4 36
2 0 17
1 4 19
2 1 11
4 1 28
5 3 39
5 3 23
3 4 7

2 1
1 0 38

10 5
6 2 48
9 2 12
0 8 26
5 2 44
9 7 39
2 3 2
5 2 34
2 7 24
9 5 31
5 1 1
9 1 41
5 3 8
7 3 3
8 4 45

3 3
2 1 41
1 0 25
0 2 38

8 1
3 4 26
4 0 8
2 1 7
3 1 7
4 6 15
2 6 19
0 1 3
6 3 42
7 1 32
2 1 8
0 7 21

7 4
2 5 41
3 1 33
5 2 9
2 5 14
1 6 44
5 3 5
4 1 35
2 0 26
1 3 48
4 2 2

9 3
3 7 20
6 7 38
5 0 8
8 4 40
2 0 38
7 1 12
6 3 7
1 0 31
4 3 38
1 4 30

10 1
9 4 11
4 2 31
1 4 17
8 2 46
8 3 43
2 1 15
4 6 39
1 7 48
9 4 12
9 2 10
6 5 7

5 1
4 2 48
3 4 26
1 2 49
1 0 10

4 5
1 3 47
2 3 18
0 3 42
2 3 7
0 1 43
0 2 11

4 5
2 3 47
0 2 35
0 2 9
2 3 49
0 1 1

3 2
0 1 31
0 2 24

10 5
7 3 47
5 8 48
9 2 16
4 5 33
3 8 10
0 8 13
6 4 15
6 4 34
6 1 17
8 7 19
3 8 44
4 1 9
0 1 43
5 2 3
3 6 14

4 4
0 1 14
2 3 41
3 2 9
3 0 44

4 2
3 2 19
1 0 39
2 0 8
1 3 26
0 1 50
2 3 16

3 1
0 1 32
0 1 5

9 3
1 2 46
8 2 8
6 5 6
0 1 45
0 4 30
7 2 46
8 5 37
5 2 9
5 3 34
5 2 43
0 3 32
4 6 4
7 2 24
4 3 45
1 8 25
8 3 9
7 8 41

5 3
4 2 34
1 2 22
1 0 45
4 1 10
4 2 29
4 2 41
3 2 45

2 1
0 1 20

9 3
3 4 32
7 2 48
6 0 44
3 8 32
5 0 20
1 7 10
0 8 31
0 8 40

2 1
1 0 47

2 1
0 1 35

5 2
0 2 30
3 2 22
2 1 48
1 0 22
4 1 41

5 5
3 1 23
0 1 28
3 1 47
1 2 11

2 1
1 0 48

2 1
0 1 39

9 5
8 6 45
5 2 22
3 1 33
7 4 26
4 8 46
4 1 27
3 2 21
8 4 39
6 0 27
4 5 44
3 2 17
5 2 10
6 7 19

8 4
7 4 1
5 2 47
1 0 17
2 4 45
7 5 5
7 2 46
6 5 29
7 6 46
5 2 34
5 4 7
2 1 11
6 1 13
1 5 27
4 2 24
6 1 43
7 4 2
3 7 1
5 3 28
0 6 24
0 3 31

4 5
2 3 38
1 0 36
2 3 49

9 4
5 6 25
3 1 13
7 4 29
4 1 32
1 4 50
2 4 26
1 7 16
7 6 9
3 8 15
2 7 48
3 2 39
2 3 24
0 1 43
8 1 42
2 4 25
4 0 34

10 1
0 6 21
9 5 32
9 1 38
7 4 41
8 9 13
7 1 9
4 8 6
9 4 12
1 6 17
9 6 27
4 5 34

10 3
7 9 36
8 7 34
5 3 28
1 3 21
8 9 8
0 5 42
3 7 16
7 1 10
6 2 40
7 5 3
8 1 36
6 4 23
4 1 2
6 3 16

10 5
8 5 19
2 7 38
1 9 33
5 0 25
8 4 2
8 4 47
6 1 15
0 4 7
3 1 26
0 1 48
8 3 17
9 3 37
4 8 38
1 6 7
8 4 9

2 1
0 1 7

7 4
0 2 17
1 0 23
4 3 33
5 0 1
4 2 16
2 0 23
1 2 23
2 4 23
3 4 43
3 1 1
5 0 12
3 0 33
4 5 17
5 1 10
1 3 32
6 2 20
5 2 5
2 3 44
2 1 22
0 5 4

5 3
1 4 23
4 2 24
4 1 49
1 2 32
2 0 33
2 0 7
4 2 9
4 0 37
1 3 38
0 3 14

4 1
0 3 27
0 3 33
1 2 20
1 2 48
0 1 41
2 0 48

7 4
2 5 24
4 6 12
4 0 7
1 3 43
2 0 11
5 4 19
6 0 5
4 1 3
2 3 17
3 6 5
4 1 31
4 6 22

10 2
7 2 20
2 4 18
7 2 42
0 4 1
6 7 11
9 4 42
0 8 3
9 4 10
2 4 4
4 5 29
2 5 10
2 4 13
1 2 49
2 3 7
8 9 19
1 9 24
0 8 37

8 4
4 3 31
2 3 32
1 0 36
3 1 12
4 0 9
0 1 28
5 0 48
3 0 43

9 5
2 5 41
0 5 7
6 7 15
3 6 35
6 8 22
6 2 3
2 7 28
3 8 13
5 4 19
7 0 26
8 5 30
3 1 31
1 8 19
8 7 12
6 7 13
0 2 30
6 5 6
1 6 19
4 6 8
4 0 47

5 4
1 0 20
4 3 34
3 4 34
0 4 23
0 4 39
1 2 34

3 2
0 1 15
2 1 9

7 3
6 1 12
3 2 48
6 2 50
1 4 45
3 4 21
2 4 45
1 6 8
3 6 50
0 5 46
6 0 49
1 3 9

9 1
5 3 3
3 1 10
8 7 11
3 1 26
1 0 39
8 7 13
3 0 28
3 6 38
0 4 3
5 1 46
6 7 13
2 6 34
8 1 26

3 3
1 2 9
1 2 11

3 3
0 2 35
0 1 4
1 2 4

10 5
0 7 20
3 6 23
6 5 32
8 4 31
4 9 26
2 3 12
7 4 23
9 7 29
4 1 1
8 4 46
6 3 34
2 4 26
4 7 48
8 7 3

3 3
0 1 31
0 1 15
0 1 6

7 1
5 3 48
6 2 38
2 5 34
5 1 44
1 0 23
6 4 2
6 0 28
1 4 6
0 4 19
0 5 18
5 6 13
5 3 10
1 4 24

5 2
3 1 42
0 4 7
4 1 7
4 2 46
3 2 27
3 1 19
3 4 27
2 1 8
4 0 15
3 1 46

